MADNESS MRA-PNO INFORMATION
pairinfo=0,1,2,2.2,1.1
nuclear_repulsion=4.49801
occinfo=-4.59383,-0.522017,-0.522017,0.00528123,0.00528123