MADNESS MRA-PNO INFORMATION
pairinfo=0,1,2,2.2,1.1
nuclear_repulsion=4.0891
occinfo=-4.61246,-0.506325,-0.506325,0.00535667,0.00535667