MADNESS MRA-PNO INFORMATION
pairinfo=0,1,2,1.1,2.2
nuclear_repulsion=1.63564
occinfo=-4.88021,-0.348483,-0.348483,0.0651094,0.0651094