MADNESS MRA-PNO INFORMATION
pairinfo=0,1,2,1.1,2.2
nuclear_repulsion=3.21286
occinfo=-4.68338,-0.464358,-0.464358,0.00777005,0.00777005