MADNESS MRA-PNO INFORMATION
pairinfo=0,1,2,1.1,2.2
nuclear_repulsion=3.59841
occinfo=-4.64692,-0.484407,-0.484407,0.00612311,0.00612311