MADNESS MRA-PNO INFORMATION
pairinfo=0,1,2,3,1.1,2.2,3.3
nuclear_repulsion=11.8056
occinfo=-7.42745,-0.684914,-0.684914,-0.684917,0.00386594,0.00386594,0.00386591