MADNESS MRA-PNO INFORMATION
pairinfo=0,1,2,3,3.3,2.2,1.1
nuclear_repulsion=17.7084
occinfo=-7.60401,-0.77225,-0.77225,-0.772257,0.00394195,0.00394183,0.00394183