MADNESS MRA-PNO INFORMATION
pairinfo=0,1,2,3,2.2,3.3,1.1
nuclear_repulsion=2.95141
occinfo=-7.87593,-0.40426,-0.404265,-0.40426,0.0711665,0.0711639,0.0711639