MADNESS MRA-PNO INFORMATION
pairinfo=0,1,2,3,3.3,1.1,2.2
nuclear_repulsion=3.54169
occinfo=-7.8504,-0.41641,-0.41645,-0.41641,0.0543881,0.0543881,0.0543855