MADNESS MRA-PNO INFORMATION
pairinfo=0,1,2,3,2.2,1.1,3.3
nuclear_repulsion=5.90281
occinfo=-7.70463,-0.516757,-0.516768,-0.516757,0.0122938,0.0122931,0.0122931