MADNESS MRA-PNO INFORMATION
pairinfo=0,1,2,3,2.2,3.3,1.1
nuclear_repulsion=4.42711
occinfo=-7.81169,-0.452711,-0.452727,-0.452711,0.0300731,0.0300703,0.0300703