MADNESS MRA-PNO INFORMATION
pairinfo=0,1,2,3,2.2,1.1,3.3
nuclear_repulsion=3.21972
occinfo=-7.86194,-0.407896,-0.407878,-0.407896,0.0640029,0.0639902,0.0639902