MADNESS MRA-PNO INFORMATION
pairinfo=0,1,2,3,1.1,3.3,2.2
nuclear_repulsion=8.04929
occinfo=-7.55303,-0.593048,-0.59304,-0.593048,0.00515188,0.00515188,0.0051515