MADNESS MRA-PNO INFORMATION
pairinfo=0,1,2,3,3.3,1.1,2.2
nuclear_repulsion=14.757
occinfo=-7.46481,-0.734169,-0.734169,-0.734152,0.00396355,0.00396336,0.00396336