MADNESS MRA-PNO INFORMATION
pairinfo=0,1,2,3,3.3,1.1,2.2
nuclear_repulsion=5.05955
occinfo=-7.76999,-0.48109,-0.481061,-0.48109,0.0198011,0.0198011,0.0197992