MADNESS MRA-PNO INFORMATION
pairinfo=0,1,2,3,1.1,3.3,2.2
nuclear_repulsion=8.85422
occinfo=-7.50936,-0.616538,-0.616529,-0.616538,0.00407554,0.00407554,0.00407553