MADNESS MRA-PNO INFORMATION
pairinfo=0,1,2,3,1.1,3.3,2.2
nuclear_repulsion=7.08338
occinfo=-7.61626,-0.561352,-0.561321,-0.561352,0.00723563,0.00723563,0.00723563