MADNESS MRA-PNO INFORMATION
pairinfo=0,1,2,3,2.2,1.1,3.3
nuclear_repulsion=9.83802
occinfo=-7.46825,-0.64214,-0.642134,-0.64214,0.00372639,0.00372624,0.00372624