MADNESS MRA-PNO INFORMATION
pairinfo=0,1,2,3,3.3,1.1,2.2
nuclear_repulsion=2.72438
occinfo=-7.89311,-0.40338,-0.40338,-0.403324,0.0762055,0.0761656,0.0761656