MADNESS MRA-PNO INFORMATION
pairinfo=0,1,2,3,3.3,1.1,2.2
nuclear_repulsion=3.93521
occinfo=-7.83619,-0.431225,-0.431196,-0.431225,0.0423549,0.0423549,0.0423512