MADNESS MRA-PNO INFORMATION
pairinfo=0,0.0
nuclear_repulsion=0.587975
occinfo=-0.55011,0.0129874