MADNESS MRA-PNO INFORMATION
pairinfo=0,0.0
nuclear_repulsion=1.05835
occinfo=-0.682219,0.00491876