MADNESS MRA-PNO INFORMATION
pairinfo=0,0.0
nuclear_repulsion=0.352785
occinfo=-0.440753,0.0425791