MADNESS MRA-PNO INFORMATION
pairinfo=0,0.0
nuclear_repulsion=0.423342
occinfo=-0.477772,0.0267689