MADNESS MRA-PNO INFORMATION
pairinfo=0,0.0
nuclear_repulsion=0.529177
occinfo=-0.526354,0.0161523