MADNESS MRA-PNO INFORMATION
pairinfo=0,0.0
nuclear_repulsion=0.23519
occinfo=-0.370555,0.139108