MADNESS MRA-PNO INFORMATION
pairinfo=0,0.0
nuclear_repulsion=0.264589
occinfo=-0.389041,0.0966913