MADNESS MRA-PNO INFORMATION
pairinfo=0,1,1.1
nuclear_repulsion=0.423342
occinfo=-2.59216,-0.211331,0.0575475