MADNESS MRA-PNO INFORMATION
pairinfo=0,1,1.1
nuclear_repulsion=1.05835
occinfo=-2.43368,-0.309942,0.01075