MADNESS MRA-PNO INFORMATION
pairinfo=0,1,1.1
nuclear_repulsion=0.373537
occinfo=-2.60718,-0.200015,0.0810431