MADNESS MRA-PNO INFORMATION
pairinfo=0,1,1.1
nuclear_repulsion=0.577284
occinfo=-2.5417,-0.244121,0.028606