MADNESS MRA-PNO INFORMATION
pairinfo=0,1,1.1
nuclear_repulsion=0.317506
occinfo=-2.62047,-0.187816,0.141465