MADNESS MRA-PNO INFORMATION
pairinfo=0,1,1.1
nuclear_repulsion=0.396883
occinfo=-2.60049,-0.205291,0.0681629