MADNESS MRA-PNO INFORMATION
pairinfo=0,1,1.1
nuclear_repulsion=0.70557
occinfo=-2.50409,-0.266937,0.0191939