MADNESS MRA-PNO INFORMATION
pairinfo=0,1,1.1
nuclear_repulsion=0.907161
occinfo=-2.45789,-0.294637,0.0126024