MADNESS MRA-PNO INFORMATION
pairinfo=0,1,2,3,4,5,6,2.2,4.4,3.3
nuclear_repulsion=28.8108
occinfo=-15.4884,-15.4884,-1.05056,-1.05056,-1.05056,-0.741026,-0.741026,0.0048477,0.00484769,0.00484769