MADNESS MRA-PNO INFORMATION
pairinfo=0,1,2,3,4,5,6,5.5,6.6,3.3
nuclear_repulsion=34.5729
occinfo=-15.3978,-15.3978,-1.17874,-1.17874,-1.17874,-0.713105,-0.713105,0.00377893,0.00377893,0.00303872