MADNESS MRA-PNO INFORMATION
pairinfo=0,1,2,3,4,5,6,5.5,6.6,3.3
nuclear_repulsion=32.4121
occinfo=-15.4262,-15.4262,-1.13458,-1.13458,-1.13458,-0.72221,-0.72221,0.00373437,0.00373437,0.0035501