MADNESS MRA-PNO INFORMATION
pairinfo=0,1,2,3,4,5,6,2.2,5.5,6.6
nuclear_repulsion=17.2865
occinfo=-15.7286,-15.7286,-0.690306,-0.872332,-0.872332,-0.690306,-0.690307,0.027122,0.0271217,0.0271216