MADNESS MRA-PNO INFORMATION
pairinfo=0,1,2,3,4,5,6,2.2,4.4,5.5
nuclear_repulsion=25.9297
occinfo=-15.5472,-15.5472,-0.973535,-0.761194,-0.973535,-0.973535,-0.761194,0.00659334,0.00659334,0.00659334