MADNESS MRA-PNO INFORMATION
pairinfo=0,1,2,3,4,5,6,4.4,2.2,5.5
nuclear_repulsion=23.5724
occinfo=-15.5988,-15.5988,-0.903936,-0.782495,-0.903936,-0.903936,-0.782495,0.00890779,0.00890779,0.00890774