MADNESS MRA-PNO INFORMATION
pairinfo=0,1,2,3,4,5,6,2.2,5.5,6.6
nuclear_repulsion=18.5212
occinfo=-15.7061,-15.7061,-0.735166,-0.849973,-0.849973,-0.735166,-0.735166,0.0208547,0.0208546,0.0208546