MADNESS MRA-PNO INFORMATION
pairinfo=0,1,2,3,4,5,6,5.5,2.2,6.6
nuclear_repulsion=20.7437
occinfo=-15.6607,-15.6607,-0.812582,-0.815916,-0.815916,-0.812581,-0.812593,0.0137681,0.013768,0.013768