MADNESS MRA-PNO INFORMATION
pairinfo=0,1,2,3,4,5,6,6.6,5.5,2.2
nuclear_repulsion=14.817
occinfo=-15.7652,-15.7652,-0.598929,-0.924563,-0.924563,-0.598926,-0.598917,0.0506361,0.0506352,0.050634