MADNESS MRA-PNO INFORMATION
pairinfo=0,1,2,3,4,5,6,5.5,4.4,2.2
nuclear_repulsion=21.6081
occinfo=-15.642,-15.642,-0.841369,-0.80463,-0.841369,-0.841358,-0.80463,0.011934,0.0119339,0.0119339