MADNESS MRA-PNO INFORMATION
pairinfo=0,1,2,3,4,5,6,2.2,5.5,6.6
nuclear_repulsion=19.9459
occinfo=-15.6775,-15.6775,-0.785328,-0.827282,-0.827282,-0.78534,-0.785341,0.0158479,0.0158479,0.0158479