MADNESS MRA-PNO INFORMATION
pairinfo=0,1,2,3,4,5,6,6.6,5.5,4.4
nuclear_repulsion=10.3719
occinfo=-15.7906,-15.7906,-1.02831,-1.02831,-0.447424,-0.447408,-0.447407,0.229099,0.229097,0.229077