MADNESS MRA-PNO INFORMATION
pairinfo=0,1,2,3,4,5,6,5.5,6.6,4.4
nuclear_repulsion=9.42898
occinfo=-15.7884,-15.7884,-1.0475,-1.0475,-0.420702,-0.420696,-0.420696,0.336794,0.336794,0.336778