MADNESS MRA-PNO INFORMATION
pairinfo=0,1,2,3,4,5,6,4.4,5.5,6.6
nuclear_repulsion=11.5243
occinfo=-15.7898,-15.7898,-1.00239,-1.00239,-0.483202,-0.483203,-0.483203,0.147309,0.147308,0.147307