MADNESS MRA-PNO INFORMATION
pairinfo=0,1,2,3,4,5,6,4.4,6.6,5.5
nuclear_repulsion=12.9648
occinfo=-15.7829,-15.7829,-0.968172,-0.968173,-0.531954,-0.531955,-0.531955,0.0890975,0.0890967,0.0890956