MADNESS MRA-PNO INFORMATION
pairinfo=0,1,2,3,4,5,6,5.5,6.6,4.4
nuclear_repulsion=8.64323
occinfo=-15.7844,-15.7844,-1.0619,-1.06192,-0.400273,-0.40029,-0.40029,0.471616,0.471615,0.471533